Los programas propensos a desertar son [ 24367  55018  55850  52165  50033  33569  51114  40115   8390  33488
  40907  53177  38767  50676  51498  21481  34086  50799  49978  40013
  35055 136059  50020  78276  78282  72024   9857 145538 135625  21624
  51208  43408  14329  35246  23275  27831 146834   3521 133121   4583
   4744   5676   7234   7623  33298  84480 128604 128604 159062 159062
  52208  60809  53243  13819  25856  40932  60829  50100  50939  55486
   4593  11739  38829  22722  53116  10174  18441  25136  38481  51555
  28927  34303  16373   5211  49880 138863  34671  13755   7781   7880
  45648  29253  32130  78284  53632 137578 142755 140798 140786   4258
  53695 135621  16790  31789 118430   5755  52470  52470  40837  49266
   8644 146771  44068     71  51082  53153 135833  28822  31516  41319
 145839  53653   4184   4017  53650   4450   6805   7656   6646 139727
 139727  75782 130640 100699 128599 128599  54649  56187   6410  54292
  55353  53727   4611   2658  29670  23901 139056  22261  27563 133778
  22552 144914  42690  52861 145835 134134   4764   5583   7479   7066
   8309 144640 134629  48649 130733 130502  56099  17457  55666  29114
  16934  17552  17552  14136  50015  35692  55859  53601 134210  51544
  50453 129130     62  70375   3391   4221   4144   4452   4399   4534
   5007 137454   5414   7327   7336   7319   7338   8230  44035  64729
  69597  84161 130847 130464 130500 153660 155970  50406  22302  16985
  20014  40252 136559  81007 109135 107357 145498 141125  33481  33281
  71391 108929 146501  52358 108269 136914 137252  19444 136962   4186
   4186   4407   9145  10373  14288  27479  32042  36304 109512  41987
  44135  48801  68637  68642  69996 130694  75644  78393  81196  81344
  84793  81440  81437  86417  86478  86480 105001 118043 127168 126766
 128982 129844 131170 141062 147344 147474 148005 149078 150021 151187
 150621 153369 154235 154711 158857 158878 158924 159000 159840 159903
 162680 167648  27362  37521  50023 137575 145644   6463 130612 130633
 130450 131676  54568  54576 107522 107543 107543 137676 115732 108292
 108292 109806 109900 108255  19556 108915  72992  72992 107656 107656
 107312 153026 108240 108240 108332 137738 137738 136790 136797 149132
 149132  39232 109221 136882 136882 136966 137008 137028 137919 107566
  10806 109688  33948  33830  36908  38003  34907  41350  55429  55812
  69620  67819 137550 137550 137550 137548 137548 137548  75419 110146
 110146  78080  81247  84596 108044 107233 107271 109834 113416 117394
 127330 130049 130049 131489 132528 144384 146258 153915 158927 158601
 160833  29046  36674  15742  34121  31153  49061  52092  52092  55870
  64703  28438 146239  35860   3561   3694   3601   4207   9656   3906
 145872   4395   4368   4388   4139   5114   5484   5665   5674   5458
   5032   7331   7462   7419   6970   7629   8085   7365   8081   8748
  13625  27392  41357  53349  60084  65466  66338  76370  79002 130717
 130659  81459  90577 130452 128218 128725 130425 133720 140465 149346
  32096 141883 141883 145709  21834   3419   3848   9563   4014   4278
  60892   7334 130559  21603  21603  53429 128690  86937  74417  16868
  31055   3669  54423  50152 140777  28846  35603 140966 146729  16756
   4252   5482  53659   8220   7593  13587  69981 146917 156414  88460
 132336 134757 132344 139933 138796 137025 141636 137056 139020 139028
 138830 137072  30115 136990   6644  17620   1263   1913   3845   4576
   4818  12238  90486 130832 130963 130840 131801 130841  76305 130839
 130848 131279  78878  79018 101223 109648 120578 128460 128640 129553
 129631 129686 129955 129679 129689 129691 129884 129569 129534 129647
 129662 129784 129795 129967 142517 147396 147690 148461 148461 148471
 148680 149155 149711 150354 151206 151275 150588 151290 151772 152069
 151461 152720 152784 152338 152336 153729 153729 153969 154592 153920
 155686 157826 157829 158992 159113 159127 160009 161421 161919 160626
 162459 163247 163806 163928 163917 164322 166469 163075 165972 165972
 167658 167870  50536   3350  31830  18681  32361  17009  80284 134471
 129803 146601 146389 152341 162134 149750 149962 159212] con una tasa de 88.0